0, 100, 1183.46, 0, 4611, -345.5, 100, 857.56, 0, 1870, 178, 657.17, 100
1, 90, 1838.23, 1, 3199.5, 712.5, 90, 651.647, 1, 1933.5, 184, 807.96, 90
2, 93, 2401.33, 2, 3509.5, 1001, 93, 640.683, 2, 1414, 298.5, 807.885, 93
3, 83, 2738.7, 3, 4027.5, 1339, 83, 745.819, 3, 1927, 433.5, 875.985, 83
4, 88, 2741.86, 4, 4027.5, 964, 88, 691.199, 4, 1439, 389, 937.535, 88
5, 90, 2950.84, 5, 5631, 1085, 90, 996.028, 5, 2454.5, 255, 1025.22, 90
6, 90, 3265.16, 6, 5631, 1728.5, 90, 1135.63, 6, 2454.5, 512, 1028.41, 90
7, 83, 2866.58, 7, 4159, 1000, 83, 701.99, 7, 1345, 337.5, 851.545, 83
8, 89, 2841.14, 8, 4743, 1517.5, 89, 811.576, 8, 1973, 548.5, 958.765, 89
9, 89, 2868.62, 9, 4743, 1443, 89, 791.539, 9, 1531.5, 315, 828.855, 89
10, 91, 2933.07, 10, 5466, 1488.5, 91, 928.787, 10, 2032.5, 300.5, 894.345, 91
11, 88, 3044.65, 11, 4979.5, 1513.5, 88, 855.059, 11, 1938.5, 363, 916.47, 88
12, 94, 3208.67, 12, 5616.5, 1523, 94, 958.655, 12, 1435, 356, 860.875, 94
13, 90, 3735.74, 13, 6959.5, 1450.5, 90, 1114.67, 13, 1891.5, 420, 870.93, 90
14, 92, 3939.34, 14, 6739, 1458, 92, 1316.02, 14, 2579, 244, 958.185, 92
15, 85, 4430.57, 15, 7324.5, 2070, 85, 1429.97, 15, 2125, 396.5, 972.1, 85
16, 89, 4807.56, 16, 7324.5, 2279.5, 89, 1462.38, 16, 2125, 457.5, 1049.09, 89
17, 85, 5036.18, 17, 7722, 2189.5, 85, 1146.02, 17, 2137.5, 505, 1136.07, 85
18, 88, 5490.69, 18, 7612.5, 2274, 88, 1271.42, 18, 2592.5, 376.5, 1128.65, 88
19, 90, 6211.44, 19, 8914, 2492.5, 90, 1594.04, 19, 1990.5, 383.5, 1142.64, 90
20, 89, 5486.56, 20, 8368.5, 2075, 89, 1548.27, 20, 2237.5, 498.5, 1124.21, 89
21, 93, 5955.52, 21, 8928.5, 2932, 93, 1745.8, 21, 3266.5, 388.5, 1189.45, 93
22, 91, 5456.44, 22, 8073, 2788.5, 91, 1301.56, 22, 3266.5, 407, 1144.92, 91
23, 94, 5877.27, 23, 8709, 2527.5, 94, 1480.59, 23, 2271.5, 271, 1200.47, 94
24, 98, 5616.35, 24, 9283, 2105, 98, 1450.17, 24, 2247, 539, 1192.74, 98
25, 94, 5819.1, 25, 8776.5, 2400.5, 94, 1444.5, 25, 2679.5, 486.5, 1256.6, 94
0, 100, 3591.82, 0, 6992, 558.5, 100, 1662.24, 0, 1719, 163.5, 758.045, 100
1, 89, 5607.19, 1, 10259, 2203.5, 89, 1810.38, 1, 1952, 383.5, 1088.65, 89
2, 90, 5488.02, 2, 10259, 2713, 90, 1777.68, 2, 2404, 422.5, 1189.44, 90
3, 92, 5642.32, 3, 10259, 3235.5, 92, 1681.11, 3, 2648, 473, 1360.64, 92
4, 90, 5652.27, 4, 8997, 3605, 90, 1353.28, 4, 2219.5, 437, 1240.98, 90
5, 90, 6274.12, 5, 10160, 2588.5, 90, 2004.45, 5, 2219.5, 345, 1146.72, 90
6, 87, 6053.28, 6, 10160, 2512.5, 87, 1916.4, 6, 2176.5, 406, 1175.54, 87
7, 89, 6212.57, 7, 10160, 2512.5, 89, 2218.02, 7, 1883, 436.5, 1094.4, 89
8, 91, 5704.94, 8, 10649, 2230, 91, 1823.93, 8, 1764.5, 348, 1177.31, 91
9, 89, 6360.3, 9, 10649, 3468, 89, 1899.13, 9, 2457, 406.5, 1302.88, 89
10, 86, 7044.4, 10, 10649, 3961.5, 86, 1578.2, 10, 2698.5, 584, 1372.75, 86
11, 89, 7173.85, 11, 10649, 2700, 89, 2238.07, 11, 2708.5, 497.5, 1507.99, 89
12, 87, 6293.55, 12, 10649, 2318.5, 87, 1765.01, 12, 2091, 363, 1221.72, 87
13, 86, 6180.98, 13, 10649, 2882.5, 86, 2058.99, 13, 2146.5, 301, 1259.51, 86
14, 93, 6350.78, 14, 9628, 2712.5, 93, 1864.24, 14, 2106.5, 430, 1153.02, 93
15, 95, 6594.47, 15, 9527.5, 3578, 95, 1586.61, 15, 2656.5, 519.5, 1309.72, 95
16, 91, 5595.47, 16, 8235.5, 2614, 91, 1458.46, 16, 2656.5, 416, 1079.96, 91
17, 90, 6470.68, 17, 8834, 3093, 90, 1412.89, 17, 2642.5, 281.5, 1246.07, 90
18, 90, 5991.04, 18, 9815.5, 2942.5, 90, 1495.39, 18, 2622, 372.5, 1121.77, 90
19, 87, 6203.11, 19, 10888, 2111.5, 87, 1713.16, 19, 2622, 367.5, 1231.37, 87
20, 84, 6206.9, 20, 10888, 2347.5, 84, 1557.12, 20, 2056.5, 474, 1232.39, 84
21, 87, 6283.2, 21, 10888, 3264.5, 87, 1436.06, 21, 2081, 470.5, 1140.83, 87
22, 87, 6222.6, 22, 9037, 2781, 87, 1692.82, 22, 2081, 291.5, 1208.84, 87
23, 90, 6376.55, 23, 8733, 2399, 90, 1658.77, 23, 2081, 371, 1231.81, 90
24, 93, 6041.32, 24, 10151, 2627.5, 93, 1766.61, 24, 1909, 340, 1168.09, 93
25, 90, 6245.72, 25, 10151, 2644.5, 90, 1837.25, 25, 2862.5, 410, 1443.4, 90
0, 100, 3651.95, 0, 8770.5, 642, 100, 1710.58, 0, 2144.5, 253.5, 744.53, 100
1, 91, 5646.57, 1, 10010.5, 2205, 91, 1731.39, 1, 2943.5, 317.5, 1151.62, 91
2, 90, 5965.94, 2, 9310.5, 2266.5, 90, 1472.59, 2, 2651.5, 415, 1162.51, 90
3, 90, 5831.85, 3, 10176, 2938, 90, 1693.16, 3, 3053.5, 453, 1132.65, 90
4, 89, 6283.43, 4, 8142.5, 2456.5, 89, 1519.47, 4, 2104.5, 215, 1042.16, 89
5, 95, 6437.91, 5, 8523, 3036.5, 95, 1339, 5, 2104.5, 433, 1217.47, 95
6, 93, 5637.14, 6, 7295.5, 2562.5, 93, 1072.6, 6, 2196.5, 434, 1103.52, 93
7, 92, 6566.64, 7, 8512.5, 3116.5, 92, 1451.87, 7, 2608.5, 483, 1353.54, 92
8, 92, 6546.58, 8, 9487.5, 3319, 92, 1507.8, 8, 3231, 524.5, 1261.86, 92
9, 93, 6918.98, 9, 9987.5, 2843.5, 93, 1833.24, 9, 2635, 530, 1282.63, 93
10, 86, 6657.5, 10, 10689.5, 3085, 86, 1770, 10, 2550, 322.5, 1222.3, 86
11, 95, 6633.73, 11, 9987.5, 3002, 95, 1704.32, 11, 2550, 487.5, 1413.76, 95
12, 91, 6649.24, 12, 9987.5, 2647.5, 91, 1910.89, 12, 2901, 417.5, 1328.81, 91
13, 87, 6877.77, 13, 9493.5, 3141, 87, 1649.41, 13, 2901, 541, 1470.74, 87
14, 87, 6304.56, 14, 10488, 2976.5, 87, 1539.27, 14, 2550, 523, 1154.23, 87
15, 90, 6177.21, 15, 9159, 3221, 90, 1734.39, 15, 2733.5, 445.5, 1276.02, 90
16, 91, 5440.72, 16, 9159, 2054, 91, 1548.9, 16, 2388.5, 277.5, 1116.38, 91
17, 88, 6928.4, 17, 10340.5, 3152, 88, 1744.64, 17, 2483.5, 561, 1232.55, 88
18, 90, 6683.55, 18, 10340.5, 1737.5, 90, 1792.37, 18, 2295.5, 308.5, 1219.48, 90
19, 89, 5497.39, 19, 8849.5, 2013.5, 89, 1704.65, 19, 2251, 428.5, 1179.97, 89
20, 87, 6225.32, 20, 10009.5, 3314.5, 87, 1437.86, 20, 2251, 442.5, 1223.1, 87
21, 91, 6274.19, 21, 10554.5, 2704, 91, 1499.58, 21, 3713, 476.5, 1373.62, 91
22, 88, 7322.6, 22, 10554.5, 4375.5, 88, 1564.18, 22, 3713, 611, 1641.82, 88
23, 93, 6185.85, 23, 8585.5, 3450.5, 93, 1568.08, 23, 2254, 495.5, 1317.89, 93
24, 92, 6296.43, 24, 8585.5, 3393.5, 92, 1542.37, 24, 2170.5, 411.5, 1274.86, 92
25, 86, 6114.84, 25, 8585.5, 2903, 86, 1496.02, 25, 2316.5, 465, 1273.09, 86
0, 100, 3784.55, 0, 11351.5, 1453.5, 100, 2040.55, 0, 1871.5, 230, 774.31, 100
1, 89, 5942.47, 1, 9962.5, 2139, 89, 1624.45, 1, 2665, 340, 1222.44, 89
2, 91, 6240.52, 2, 10430, 2922, 91, 1663.23, 2, 2424, 466.5, 1154.62, 91
3, 90, 6225.53, 3, 9446, 3283, 90, 1595.75, 3, 2535, 443.5, 1242.22, 90
4, 88, 6051.18, 4, 7810.5, 3400.5, 88, 1079.08, 4, 2108, 582, 1208.69, 88
5, 93, 6048.13, 5, 7984.5, 3196.5, 93, 1252.99, 5, 1894, 506, 1171.29, 93
6, 87, 5569.53, 6, 8229, 2671, 87, 1080.03, 6, 1993.5, 296.5, 1094.62, 87
7, 93, 6858.44, 7, 8975.5, 3425.5, 93, 1507.56, 7, 2332.5, 660, 1407.66, 93
8, 84, 7135.01, 8, 9842, 2746, 84, 1698.57, 8, 2332.5, 516, 1321.91, 84
9, 84, 6828.86, 9, 9308.5, 3347.5, 84, 1595.07, 9, 2332.5, 485.5, 1237.71, 84
10, 86, 6376.83, 10, 9308.5, 3645.5, 86, 1283.07, 10, 2086.5, 406, 1155.53, 86
11, 88, 6016.02, 11, 9308.5, 1991.5, 88, 1395.71, 11, 3518, 290.5, 1396.98, 88
12, 91, 6479.42, 12, 9745.5, 3249.5, 91, 1584.24, 12, 3518, 683.5, 1460, 91
13, 89, 6600.45, 13, 10639.5, 2639, 89, 1890.7, 13, 2800, 401, 1364.85, 89
14, 96, 6812.65, 14, 10639.5, 2809.5, 96, 2027.15, 14, 2800, 450, 1404.2, 96
15, 89, 6197.47, 15, 9054, 3086, 89, 1502.35, 15, 2416.5, 431.5, 1252.56, 89
16, 85, 6474.23, 16, 9404, 2741, 85, 1526.31, 16, 2416.5, 446.5, 1203.85, 85
17, 90, 6349.86, 17, 9586.5, 2551, 90, 1572.35, 17, 2492.5, 409, 1313.2, 90
18, 93, 6320.68, 18, 9586.5, 2410.5, 93, 1900.17, 18, 1883.5, 390, 1116.34, 93
19, 90, 5987.2, 19, 9586.5, 3011.5, 90, 1581.65, 19, 3381, 396.5, 1495.95, 90
20, 86, 6483.76, 20, 8883.5, 3082.5, 86, 1476.06, 20, 2954, 396.5, 1400.67, 86
21, 89, 6718.15, 21, 9048, 2377, 89, 1714.91, 21, 2262, 406.5, 1198.63, 89
22, 86, 6936.77, 22, 10288, 3406, 86, 1898.58, 22, 2262, 466.5, 1258.03, 86
23, 96, 5775.73, 23, 9031, 2323, 96, 1454.28, 23, 1890, 310.5, 1128.25, 96
24, 89, 6183.34, 24, 8397.5, 3418, 89, 1287.66, 24, 2064, 624, 1220.16, 89
25, 86, 6652.67, 25, 10621.5, 3525, 86, 1890.01, 25, 2573, 489, 1363.76, 86
0, 100, 4213.3, 0, 10622.5, 860.5, 100, 1977.32, 0, 2885.5, 180, 842.975, 100
1, 91, 5630, 1, 9499, 2783.5, 91, 1673.04, 1, 2116.5, 304, 1066.95, 91
2, 90, 7182, 2, 10983, 3178.5, 90, 2267.81, 2, 2175.5, 354, 1414.54, 90
3, 91, 6832.61, 3, 10983, 1961.5, 91, 2170.57, 3, 3215, 189, 1449.09, 91
4, 93, 6718.81, 4, 10983, 3004.5, 93, 2014.18, 4, 2175.5, 475, 1315.58, 93
5, 91, 6582.01, 5, 10008.5, 2946, 91, 1806.12, 5, 2954, 380.5, 1464.78, 91
6, 88, 6378.88, 6, 10008.5, 2501, 88, 1778.05, 6, 2954, 241.5, 1375.32, 88
7, 96, 6718.34, 7, 10379, 2250, 96, 1897.34, 7, 2954, 246, 1325.58, 96
8, 87, 6749.15, 8, 10662, 3100.5, 87, 1903.13, 8, 2954, 459.5, 1278.84, 87
9, 89, 6566.36, 9, 10085, 2928.5, 89, 1818.73, 9, 2954, 402.5, 1405.16, 89
10, 89, 7172.68, 10, 10008.5, 2393, 89, 1777.73, 10, 2954, 532.5, 1605.91, 89
11, 90, 6380.77, 11, 10008.5, 2732, 90, 1308.95, 11, 2954, 521, 1208.01, 90
12, 90, 5849.15, 12, 9394.5, 1946, 90, 1426.38, 12, 2010.5, 267.5, 1153.75, 90
13, 93, 5936.57, 13, 8404, 2935, 93, 1543.79, 13, 2025, 364, 1224.09, 93
14, 88, 6821.4, 14, 9438, 2824, 88, 1469.39, 14, 2308, 587.5, 1307.63, 88
15, 88, 5884.38, 15, 9438, 3232, 88, 1462, 15, 2308, 423.5, 1072.72, 88
16, 90, 5967.63, 16, 11510.5, 2385.5, 90, 1922.72, 16, 3096, 428.5, 1286.37, 90
17, 91, 6802.5, 17, 8330, 3259.5, 91, 1215.67, 17, 3096, 551, 1427.07, 91
18, 89, 6895.04, 18, 10700.5, 2532, 89, 1531.61, 18, 2502.5, 523.5, 1409.33, 89
19, 93, 6029.71, 19, 8815.5, 2833, 93, 1489.53, 19, 2082, 428, 1151.26, 93
20, 89, 6098.14, 20, 7844.5, 2875.5, 89, 1298.88, 20, 2120, 369, 1231.59, 89
21, 90, 5991.14, 21, 8720.5, 2771, 90, 1261.91, 21, 2120, 393, 1231.71, 90
22, 87, 6177.35, 22, 8938, 2901, 87, 1245.18, 22, 2653, 317, 1227.9, 87
23, 91, 6436.44, 23, 8938, 2853, 91, 1699.4, 23, 3864, 421, 1534.62, 91
24, 90, 6498.93, 24, 10446.5, 2853.5, 90, 1732.51, 24, 2535.5, 394, 1317.48, 90
25, 91, 6632.69, 25, 9612.5, 2558.5, 91, 1961.44, 25, 2252.5, 458.5, 1393.35, 91
0, 100, 3352.41, 0, 6928, 1644.5, 100, 1200.3, 0, 1574, 276.5, 664.815, 100
1, 94, 5463.62, 1, 8693, 2377.5, 94, 1284.44, 1, 2089.5, 403, 1074.01, 94
2, 89, 6177.4, 2, 9554.5, 2767.5, 89, 1493.31, 2, 2230, 494.5, 1252.47, 89
3, 96, 6492.86, 3, 9641, 3123.5, 96, 1683.16, 3, 2440.5, 551, 1215.32, 96
4, 91, 6856.17, 4, 9641, 2790.5, 91, 2140.72, 4, 1962.5, 484.5, 1218.68, 91
5, 83, 6683.53, 5, 9641, 2647, 83, 2059.09, 5, 1791.5, 512, 1231.71, 83
6, 89, 6094.01, 6, 9437, 2571, 89, 1630.81, 6, 2386.5, 393, 1244.21, 89
7, 86, 6457.52, 7, 8092.5, 3269.5, 86, 1394.09, 7, 2386.5, 400, 1284.21, 86
8, 85, 6198.22, 8, 8092.5, 3217.5, 85, 1313.85, 8, 2386.5, 410.5, 1275.8, 85
9, 89, 6350.88, 9, 8636, 3179.5, 89, 1330.67, 9, 2649, 543.5, 1335.17, 89
10, 88, 6469.77, 10, 12280, 2948, 88, 2144.81, 10, 2649, 424, 1301.01, 88
11, 88, 7232.98, 11, 12280, 3294.5, 88, 2491.89, 11, 2156.5, 488.5, 1239.58, 88
12, 93, 6430.68, 12, 9069.5, 2862.5, 93, 1622.38, 12, 1974.5, 494, 1176.44, 93
13, 90, 6330.24, 13, 9069.5, 3734, 90, 1507.56, 13, 2209.5, 491.5, 1161.13, 90
14, 89, 6249.89, 14, 9069.5, 2381, 89, 1601.23, 14, 2539, 306.5, 1192.58, 89
15, 93, 6078.47, 15, 8499, 3039.5, 93, 1438.89, 15, 2539, 488, 1367.26, 93
16, 91, 6655.7, 16, 13139, 2459.5, 91, 2036.36, 16, 2106, 449.5, 1436.07, 91
17, 87, 5990.02, 17, 9432, 2709, 87, 1681.09, 17, 2106, 380.5, 1309.4, 87
18, 96, 5819.65, 18, 8168.5, 2685, 96, 1386.68, 18, 1904.5, 369, 1126.21, 96
19, 95, 5479.81, 19, 7059, 2501.5, 95, 1111.17, 19, 2626, 498, 1183.12, 95
20, 86, 6332.24, 20, 8282.5, 3101, 86, 1188.08, 20, 2299, 491.5, 1303.77, 86
21, 91, 6729.93, 21, 11447.5, 2838, 91, 2102.35, 21, 3511.5, 495.5, 1365.39, 91
22, 94, 6243.65, 22, 9126.5, 2968.5, 94, 1649.02, 22, 2054, 505, 1196.5, 94
23, 90, 6282.82, 23, 9126.5, 3067.5, 90, 1242.75, 23, 1963.5, 395, 1210.65, 90
24, 91, 6418.1, 24, 9301, 1987, 91, 1657.56, 24, 2041, 313, 1321.89, 91
25, 89, 6551.91, 25, 9301, 2786.5, 89, 1533.65, 25, 2014, 314, 1352.56, 89
0, 100, 3527.93, 0, 11010, 1550.5, 100, 1513.02, 0, 1865, 218, 719.89, 100
1, 91, 5783.88, 1, 10038, 2291, 91, 1804.5, 1, 1914, 291.5, 1065.23, 91
2, 92, 6013.49, 2, 9709, 2700.5, 92, 1895.87, 2, 3323.5, 496.5, 1379.62, 92
3, 85, 6833.16, 3, 11076, 2657.5, 85, 1950.29, 3, 2439, 459, 1351.03, 85
4, 88, 6551.86, 4, 9400, 3511.5, 88, 1390.19, 4, 2246, 503.5, 1272.35, 88
5, 88, 6373.42, 5, 8784.5, 2575.5, 88, 1350.62, 5, 2823, 266.5, 1219.64, 88
6, 89, 6109.16, 6, 9561.5, 2308.5, 89, 1562.64, 6, 2341, 500.5, 1158.68, 89
7, 89, 6259.4, 7, 9561.5, 3753.5, 89, 1447.36, 7, 2029, 693.5, 1245.3, 89
8, 88, 6404.39, 8, 9561.5, 2947, 88, 1739.34, 8, 3272.5, 486, 1330.12, 88
9, 94, 6378.47, 9, 10957.5, 2809.5, 94, 1939.94, 9, 2284, 349, 1199.58, 94
10, 92, 6885.94, 10, 10957.5, 2662, 92, 1637.88, 10, 2582.5, 436, 1539.99, 92
11, 88, 6537.52, 11, 8847.5, 3397.5, 88, 1466.39, 11, 2565, 427.5, 1591.75, 88
12, 91, 6329.32, 12, 8747.5, 2970, 91, 1462.79, 12, 2295, 243.5, 1390.29, 91
13, 91, 6534.65, 13, 9014, 2835, 91, 1530.16, 13, 2295, 528.5, 1178.74, 91
14, 91, 6179.98, 14, 9104, 2334.5, 91, 1281.63, 14, 2728, 323.5, 1276.98, 91
15, 88, 6270.45, 15, 10421.5, 3055.5, 88, 1714.99, 15, 4139, 469, 1304.89, 88
16, 95, 6736.25, 16, 14489, 2886, 95, 2672.07, 16, 2802.5, 496, 1310.62, 95
17, 87, 6213.45, 17, 10730.5, 2519.5, 87, 1951.69, 17, 2094.5, 286, 1252.07, 87
18, 90, 5686.9, 18, 8699, 2533, 90, 1365.22, 18, 2003, 331.5, 1092.67, 90
19, 89, 6248.05, 19, 9555.5, 3494, 89, 1459.73, 19, 3468.5, 507.5, 1181.78, 89
20, 91, 6480.95, 20, 10388.5, 2885.5, 91, 1813.49, 20, 2632.5, 533.5, 1269.85, 91
21, 88, 6686.52, 21, 10023.5, 2858, 88, 1531.92, 21, 2708, 458, 1344.64, 88
22, 88, 6631.92, 22, 12119, 2724, 88, 2278.34, 22, 2862, 377.5, 1472.84, 88
23, 89, 6461.31, 23, 12119, 1304.5, 89, 2396.99, 23, 2862, 340, 1305.74, 89
24, 82, 6642.14, 24, 12119, 2826.5, 82, 2436.94, 24, 2862, 470, 1443.76, 82
25, 94, 6900.19, 25, 12119, 2567.5, 94, 2284.25, 25, 2701, 364, 1426.18, 94
0, 100, 3915.76, 0, 7650.5, 1352, 100, 1755.45, 0, 2847.5, 195, 838.135, 100
1, 84, 6841.82, 1, 11625, 3084, 84, 2137.3, 1, 2206.5, 468.5, 1297.94, 84
2, 92, 6932.67, 2, 11636.5, 2807, 92, 2208.05, 2, 2813.5, 351, 1194.33, 92
3, 86, 6923.56, 3, 11636.5, 3020.5, 86, 1634.25, 3, 2813.5, 395, 1349.44, 86
4, 84, 6687.98, 4, 10030.5, 2256.5, 84, 1723.67, 4, 2157.5, 434, 1264.92, 84
5, 90, 6649.71, 5, 10138, 2356, 90, 1761.49, 5, 3557.5, 388, 1498.72, 90
6, 90, 6443.7, 6, 9386.5, 2675.5, 90, 1626.98, 6, 2560, 349, 1281.08, 90
7, 87, 7059.87, 7, 9386.5, 2355, 87, 1781.16, 7, 2826, 421.5, 1382.62, 87
8, 85, 6464.16, 8, 10253, 2268.5, 85, 2131.1, 8, 3299, 343, 1308.84, 85
9, 98, 6492.23, 9, 9386.5, 2948, 98, 1532.76, 9, 2461, 507.5, 1253.28, 98
10, 91, 6427.52, 10, 12307.5, 3217, 91, 1749.13, 10, 2458.5, 413, 1349.44, 91
11, 84, 6650.85, 11, 9192, 3104, 84, 1419.46, 11, 2117.5, 441, 1490.11, 84
12, 91, 6389.21, 12, 9192, 2476, 91, 1620.21, 12, 2117.5, 356, 1275.8, 91
13, 91, 6646.84, 13, 10189.5, 2758.5, 91, 1702.93, 13, 2050.5, 415, 1277.6, 91
14, 88, 6253.73, 14, 8370, 2471.5, 88, 1405.95, 14, 2058.5, 391.5, 1300.67, 88
15, 90, 7065.02, 15, 12207, 3531.5, 90, 1769.56, 15, 2467, 573, 1437.17, 90
16, 91, 6391.5, 16, 8245.5, 3059, 91, 1467.71, 16, 2291, 452, 1326.84, 91
17, 92, 6506.86, 17, 11235.5, 3502.5, 92, 1329.55, 17, 3320, 475, 1340.24, 92
18, 90, 7024.25, 18, 9494.5, 3113, 90, 1443.98, 18, 2506, 431, 1315.88, 90
19, 92, 6112.69, 19, 10100.5, 2879, 92, 1677.73, 19, 2510, 353, 1231.14, 92
20, 89, 6448.94, 20, 8774, 2992.5, 89, 1563.66, 20, 2075, 315, 1185.05, 89
21, 86, 6640.28, 21, 10769.5, 2826.5, 86, 1982.65, 21, 2656, 433.5, 1265.63, 86
22, 87, 6187.43, 22, 9763, 1629.5, 87, 1658.28, 22, 2806.5, 321, 1347.35, 87
23, 92, 7043.3, 23, 11232, 2962, 92, 2071.82, 23, 2806.5, 539, 1425.55, 92
24, 90, 7240.48, 24, 11232, 2767.5, 90, 2596.17, 24, 2195.5, 410.5, 1204.66, 90
25, 94, 6749.27, 25, 11232, 2092, 94, 2078.57, 25, 3564, 286, 1417.85, 94
0, 100, 3849.21, 0, 7580, 1066, 100, 1875.88, 0, 1847.5, 193, 765.945, 100
1, 95, 6243.67, 1, 9045, 3048.5, 95, 1654.93, 1, 2238, 495.5, 1396.01, 95
2, 92, 6425.99, 2, 9376, 1345, 92, 1875.85, 2, 3366.5, 273, 1439.58, 92
3, 93, 6508.62, 3, 8975.5, 2912.5, 93, 1599.14, 3, 2558.5, 307, 1288.8, 93
4, 91, 6001.89, 4, 8848, 2506, 91, 1583.1, 4, 2194, 466, 1189.94, 91
5, 91, 6386.68, 5, 10090.5, 2706.5, 91, 1875.53, 5, 2795.5, 439, 1146.04, 91
6, 93, 6949.3, 6, 9874, 2239, 93, 1669.59, 6, 2351.5, 470.5, 1313.04, 93
7, 90, 7030.56, 7, 9957, 3498, 90, 1696.41, 7, 2711.5, 498.5, 1293.98, 90
8, 91, 6598.44, 8, 13421.5, 3184.5, 91, 2112.44, 8, 2073, 296, 1292.16, 91
9, 86, 7814.55, 9, 13421.5, 3780.5, 86, 2799.98, 9, 2643.5, 521.5, 1579.49, 86
10, 89, 6691.36, 10, 10903.5, 1809, 89, 2008.28, 10, 2972.5, 409, 1320.12, 89
11, 91, 7289.6, 11, 12261, 3678.5, 91, 2185.11, 11, 3082, 473.5, 1401.5, 91
12, 92, 6294.37, 12, 10694, 2133, 92, 1853.75, 12, 1960.5, 331, 1117.6, 92
13, 91, 6722.52, 13, 10694, 3577.5, 91, 1491.78, 13, 2023.5, 550, 1166.63, 91
14, 95, 6191.02, 14, 8891, 2791, 95, 1820.39, 14, 2634, 428.5, 1176.82, 95
15, 89, 6655.05, 15, 9399.5, 3534, 89, 1624.34, 15, 3283.5, 538, 1309.22, 89
16, 89, 6735.23, 16, 9656.5, 2581.5, 89, 1698.18, 16, 3283.5, 340, 1528.17, 89
17, 92, 6740.07, 17, 9237.5, 2871.5, 92, 1637.67, 17, 2751.5, 491, 1516.72, 92
18, 88, 7026.61, 18, 10350.5, 2908, 88, 1882.66, 18, 3393.5, 456.5, 1661.29, 88
19, 88, 6812.33, 19, 10658.5, 3469.5, 88, 1902.81, 19, 3314, 357.5, 1510.38, 88
20, 86, 7833.11, 20, 10350.5, 2793.5, 86, 2002.72, 20, 3314, 528.5, 1721.42, 86
21, 89, 6872.59, 21, 10588, 3286, 89, 2116, 21, 2556.5, 466, 1344.02, 89
22, 95, 6618.57, 22, 9241, 3701.5, 95, 1608.5, 22, 2476.5, 388, 1446.51, 95
23, 89, 6690.44, 23, 10671.5, 2461, 89, 1843.62, 23, 2476.5, 443, 1309.49, 89
24, 92, 6735.68, 24, 10671.5, 3325, 92, 1989.01, 24, 2499, 615, 1361.2, 92
25, 90, 6434.55, 25, 9953.5, 3032, 90, 1680.96, 25, 3230.5, 501, 1479.26, 90
0, 100, 3712.64, 0, 9666.5, 866, 100, 1676.73, 0, 2165, 167.5, 753.8, 100
1, 90, 6435.94, 1, 9960, 2575.5, 90, 1835.04, 1, 2262.5, 366.5, 1297.25, 90
2, 88, 6145.63, 2, 7693.5, 2973.5, 88, 978.869, 2, 2166.5, 481.5, 1048.66, 88
3, 89, 6241.62, 3, 9279, 3313, 89, 1521.36, 3, 4351, 431.5, 1321.58, 89
4, 81, 7325.6, 4, 9279, 4150.5, 81, 1277.98, 4, 4351, 666, 1768.98, 81
5, 88, 6618.8, 5, 8393.5, 3268.5, 88, 1375.05, 5, 2652.5, 648.5, 1258.1, 88
6, 91, 6912.11, 6, 12189, 3135.5, 91, 2151.87, 6, 2577, 490, 1334.06, 91
7, 79, 7229.43, 7, 10981.5, 3005.5, 79, 2172.2, 7, 2577, 469, 1365.23, 79
8, 92, 6984.1, 8, 12025.5, 2316, 92, 2012.46, 8, 2577, 420.5, 1396.34, 92
9, 87, 6887.99, 9, 10695, 2950, 87, 2054.95, 9, 2687.5, 459, 1334.55, 87
10, 93, 6800.86, 10, 11284.5, 2359.5, 93, 2304, 10, 3393.5, 448.5, 1355.12, 93
11, 90, 7289.27, 11, 11284.5, 2731.5, 90, 2528.14, 11, 2323.5, 338.5, 1303.24, 90
12, 96, 6142.23, 12, 11284.5, 2944, 96, 1557.45, 12, 2323.5, 527, 1210.63, 96
13, 90, 6779.98, 13, 9065.5, 3229.5, 90, 1472.65, 13, 2236.5, 336, 1337.01, 90
14, 87, 6767.06, 14, 9000.5, 2979, 87, 1435.98, 14, 2236.5, 514, 1374.34, 87
15, 91, 5753.55, 15, 8444.5, 2742, 91, 1303.93, 15, 2349, 406, 1056.58, 91
16, 84, 6678.82, 16, 11548, 2975.5, 84, 1579.9, 16, 2349, 614, 1362.52, 84
17, 89, 6320.69, 17, 8133.5, 2848.5, 89, 1123.12, 17, 1990, 459, 1230.83, 89
18, 88, 6490.51, 18, 9799.5, 2637.5, 88, 1580.28, 18, 3110, 383.5, 1384.47, 88
19, 87, 6548.86, 19, 9017.5, 2000.5, 87, 1450.12, 19, 1990, 245, 1318, 87
20, 85, 5881.12, 20, 10229, 3498, 85, 1668.02, 20, 2481, 463.5, 1104.02, 85
21, 89, 5920.11, 21, 9986, 2780.5, 89, 1692.77, 21, 2336, 398, 1204.19, 89
22, 90, 6316.89, 22, 9722.5, 3318, 90, 1159.08, 22, 2664, 406, 1302.88, 90
23, 93, 5852.35, 23, 8513, 2312.5, 93, 1471.95, 23, 2664, 477, 1182.69, 93
24, 91, 6017.81, 24, 8477, 2973, 91, 1298.78, 24, 2492.5, 378.5, 1270.43, 91
25, 94, 6085.1, 25, 11089, 3180, 94, 1478.12, 25, 2913.5, 378.5, 1176.44, 94
0, 100, 4441.32, 0, 9324, 857, 100, 2133.88, 0, 2128, 212.5, 900.165, 100
1, 92, 5801.68, 1, 12674, 2454.5, 92, 1973.71, 1, 1967, 385, 1101.19, 92
2, 91, 7347.61, 2, 12674, 3763, 91, 1835.03, 2, 2102.5, 804, 1378.84, 91
3, 92, 7042.95, 3, 10270.5, 2171.5, 92, 1988.45, 3, 1946.5, 390.5, 1302.38, 92
4, 93, 6400.11, 4, 9885, 1752.5, 93, 1643.98, 4, 2519, 485, 1336.32, 93
5, 89, 6963.22, 5, 9885, 2407.5, 89, 2052.17, 5, 2629, 429, 1440.6, 89
6, 87, 7146.73, 6, 9885, 3019.5, 87, 1667.53, 6, 2519, 463.5, 1395.45, 87
7, 95, 6240.73, 7, 9153.5, 2321.5, 95, 1688.34, 7, 2519, 378.5, 1153.19, 95
8, 87, 6630.15, 8, 9153.5, 1791, 87, 1663.91, 8, 2488.5, 352.5, 1111.24, 87
9, 92, 6101.03, 9, 8536.5, 2348, 92, 1465.35, 9, 2806.5, 463.5, 1109.21, 92
10, 89, 6897.1, 10, 9308, 3431, 89, 1453.44, 10, 2806.5, 558.5, 1326.84, 89
11, 90, 6520.26, 11, 11633, 2671, 90, 1816.73, 11, 2806.5, 392.5, 1345.89, 90
12, 89, 6755.97, 12, 11633, 2837, 89, 2212.58, 12, 2806.5, 379, 1369.73, 89
13, 83, 7597.49, 13, 11633, 3617, 83, 2277.08, 13, 2806.5, 381.5, 1487.18, 83
14, 91, 7785.93, 14, 10308, 3179, 91, 2174.46, 14, 2651.5, 351, 1374.95, 91
15, 95, 7123.24, 15, 10520, 3173.5, 95, 1986.03, 15, 2912.5, 569, 1468.17, 95
16, 96, 6703.3, 16, 12365.5, 2825.5, 96, 2254.03, 16, 2153, 369.5, 1228.27, 96
17, 91, 7256.15, 17, 12365.5, 2666.5, 91, 2392.28, 17, 2153, 413.5, 1331.6, 91
18, 92, 7675.36, 18, 12365.5, 3775.5, 92, 2217.45, 18, 3282, 395, 1402.67, 92
19, 94, 6939.1, 19, 10775.5, 4018, 94, 1515.52, 19, 2545, 407, 1408.98, 94
20, 90, 6598.02, 20, 9717.5, 3235, 90, 1344.92, 20, 2426, 326, 1396.69, 90
21, 94, 5831.72, 21, 9685, 2503, 94, 1859.3, 21, 3524, 391.5, 1268.43, 94
22, 87, 6148.19, 22, 9055.5, 3077.5, 87, 1496.53, 22, 3524, 431, 1256.12, 87
23, 84, 6604.68, 23, 9471.5, 3391.5, 84, 1577.03, 23, 2374, 592.5, 1233.62, 84
24, 91, 6716.01, 24, 9055.5, 2915, 91, 1723.89, 24, 2277.5, 395, 1199.44, 91
25, 94, 6647.71, 25, 8799, 2435.5, 94, 1478.74, 25, 2172.5, 319.5, 1303.19, 94
0, 100, 4588.27, 0, 9255.5, 1304, 100, 2449.28, 0, 1888, 228, 920.565, 100
1, 87, 6109.55, 1, 9607.5, 2668.5, 87, 1416.59, 1, 2912.5, 285, 1276.62, 87
2, 92, 6187.32, 2, 10734, 2770, 92, 1650.75, 2, 3078, 347.5, 1212.94, 92
3, 87, 6472.07, 3, 10915.5, 3799.5, 87, 1443.04, 3, 3078, 523, 1326.74, 87
4, 89, 6637.95, 4, 10902, 2707.5, 89, 1781.28, 4, 2297, 459, 1257.15, 89
5, 93, 6982.77, 5, 11144.5, 3053.5, 93, 1763.29, 5, 2274.5, 424, 1245.79, 93
6, 81, 7771.48, 6, 11144.5, 3234, 81, 2091.97, 6, 2598.5, 576, 1544.78, 81
7, 87, 7768.8, 7, 11144.5, 4585.5, 87, 1546.2, 7, 2274.5, 689, 1475.83, 87
8, 91, 7606.78, 8, 10201.5, 3105.5, 91, 2038.28, 8, 2187, 410, 1263.45, 91
9, 90, 8001.09, 9, 10641, 3346.5, 90, 1995.61, 9, 2285.5, 686.5, 1411.86, 90
10, 86, 8848.38, 10, 10330.5, 2376.5, 86, 1692.31, 10, 2164, 363.5, 1433.28, 86
11, 92, 6930.01, 11, 10330.5, 3058.5, 92, 1867.54, 11, 2098, 455, 1262.12, 92
12, 92, 6533.75, 12, 10201.5, 2837, 92, 1625.36, 12, 2152.5, 450, 1275.71, 92
13, 95, 6974.8, 13, 10272, 2990.5, 95, 1938.72, 13, 2886, 407.5, 1538.24, 95
14, 92, 6855.49, 14, 11678.5, 3501.5, 92, 2088.91, 14, 4105.5, 535.5, 1444.32, 92
15, 92, 7027.24, 15, 10188, 3207.5, 92, 1561.78, 15, 2109, 458.5, 1270.58, 92
16, 91, 6579.57, 16, 8779, 3334, 91, 1482.2, 16, 2675.5, 464.5, 1201.34, 91
17, 87, 6429.62, 17, 8779, 3241, 87, 1475.51, 17, 2879, 516, 1348.91, 87
18, 89, 6254.57, 18, 8779, 2814, 89, 1421.29, 18, 2532.5, 494, 1286.63, 89
19, 89, 6499.21, 19, 8803, 2539.5, 89, 1698.66, 19, 2539.5, 534, 1260.88, 89
20, 88, 6673.64, 20, 8895.5, 3100.5, 88, 1198.27, 20, 2537.5, 551, 1106.37, 88
21, 90, 6355.77, 21, 8436, 3036, 90, 1337.03, 21, 2901.5, 543, 1165.35, 90
22, 85, 6774.35, 22, 9491.5, 2682, 85, 1579.82, 22, 2132.5, 338, 1482.54, 85
23, 93, 5572.67, 23, 9491.5, 3000.5, 93, 1490.64, 23, 2411.5, 466.5, 1123.38, 93
24, 89, 6022.1, 24, 8754, 2160, 89, 1262.12, 24, 2479, 446, 1326.49, 89
25, 87, 6946.19, 25, 9756, 3298, 87, 1466.46, 25, 3425, 500, 1571.08, 87
0, 100, 3681.11, 0, 9051.5, 1088, 100, 2236.74, 0, 1899, 233, 724.08, 100
1, 91, 5923.12, 1, 9074.5, 2905.5, 91, 1684.01, 1, 2489, 386, 1079.05, 91
2, 87, 7063.85, 2, 10330, 4251, 87, 1469.65, 2, 1889.5, 659.5, 1210.2, 87
3, 90, 7512.76, 3, 10788.5, 3490.5, 90, 1872.85, 3, 3213.5, 406, 1393.44, 90
4, 91, 6796.28, 4, 10330, 2179, 91, 2151.02, 4, 2240.5, 424.5, 1218.18, 91
5, 88, 6482.39, 5, 10330, 3123, 88, 1516.97, 5, 2532.5, 456, 1257.61, 88
6, 90, 6601.35, 6, 8186.5, 3199, 90, 1071.8, 6, 2532.5, 501, 1422.7, 90
7, 93, 6010.06, 7, 8186.5, 2792.5, 93, 1188.96, 7, 2513.5, 285, 1286.77, 93
8, 90, 6326.15, 8, 9625, 1977, 90, 1650.63, 8, 2476.5, 363, 1278.88, 90
9, 95, 6362.94, 9, 9178, 3002.5, 95, 1651.84, 9, 2162.5, 536.5, 1217.29, 95
10, 96, 6977.94, 10, 11160.5, 2537, 96, 1841.62, 10, 2856, 311.5, 1454.64, 96
11, 91, 6789.22, 11, 11160.5, 2561.5, 91, 1639.79, 11, 1862.5, 438.5, 1268.59, 91
12, 89, 6548.53, 12, 11160.5, 2978, 89, 1818.88, 12, 2645, 607.5, 1344.34, 89
13, 94, 6932.68, 13, 10435, 3201, 94, 1779.28, 13, 2686.5, 503.5, 1428.69, 94
14, 91, 6877.65, 14, 10975.5, 2946, 91, 1985.77, 14, 2140, 414, 1411.15, 91
15, 91, 7466.2, 15, 11750.5, 2402.5, 91, 2418.87, 15, 2496.5, 233.5, 1488.54, 91
16, 89, 7207.51, 16, 11207.5, 3142, 89, 2132.47, 16, 2458.5, 511.5, 1491.65, 89
17, 88, 6900.47, 17, 11207.5, 3379.5, 88, 2164.01, 17, 2956.5, 396.5, 1524.52, 88
18, 97, 6821.33, 18, 12285, 3019, 97, 2149.95, 18, 2821, 401.5, 1397.85, 97
19, 87, 6835.76, 19, 12285, 3071, 87, 1955.31, 19, 2821, 489, 1370.6, 87
20, 94, 6314.06, 20, 8624, 2568, 94, 1639.28, 20, 1998.5, 406, 1164.27, 94
21, 94, 6253.98, 21, 8554.5, 2711, 94, 1359.94, 21, 2409, 441.5, 1149.58, 94
22, 90, 6393.63, 22, 9252, 2427.5, 90, 1381.96, 22, 2160, 527.5, 1254.07, 90
23, 92, 6649.7, 23, 9252, 2615.5, 92, 1750.27, 23, 3309.5, 418.5, 1428.68, 92
24, 89, 6247.34, 24, 9218.5, 2053, 89, 1515.18, 24, 2010.5, 481, 1163.1, 89
25, 95, 5727.07, 25, 8778.5, 2232.5, 95, 1590.29, 25, 2320, 441.5, 1158.88, 95
0, 100, 3849.38, 0, 7238.5, 1160, 100, 1705.61, 0, 1995, 165, 682.54, 100
1, 88, 7163.85, 1, 9511.5, 3301.5, 88, 1733.86, 1, 2254, 389.5, 1380.16, 88
2, 91, 6751.31, 2, 9155.5, 2517.5, 91, 1701.78, 2, 2380, 389.5, 1495.49, 91
3, 88, 7036.26, 3, 8962, 3926.5, 88, 1324.16, 3, 2187.5, 336, 1343.4, 88
4, 94, 5875.47, 4, 8735, 3337, 94, 1171.89, 4, 2659, 470.5, 1202.54, 94
5, 95, 5772.31, 5, 9024, 2731.5, 95, 1471.77, 5, 2816, 459.5, 1182.95, 95
6, 94, 6696.6, 6, 9775, 3619.5, 94, 1672.36, 6, 2796, 510, 1324.24, 94
7, 83, 7208.09, 7, 12184, 4126, 83, 1685.27, 7, 2804, 643.5, 1481.53, 83
8, 84, 7065.16, 8, 9775, 2143, 84, 1678.62, 8, 2768.5, 493.5, 1596.09, 84
9, 90, 7073.61, 9, 9386, 3014, 90, 1592.12, 9, 2598.5, 428, 1388.85, 90
10, 91, 6925.86, 10, 9386, 3948.5, 91, 1596.14, 10, 2110, 434, 1300.29, 91
11, 91, 6886.98, 11, 8870.5, 3071, 91, 1496.74, 11, 2463.5, 434, 1464.91, 91
12, 87, 6826.26, 12, 8870.5, 2093, 87, 1498.16, 12, 4003.5, 283, 1608.39, 87
13, 94, 6988.9, 13, 9280, 3514, 94, 1431.84, 13, 2518.5, 536, 1400.11, 94
14, 91, 6860.47, 14, 9679.5, 3321, 91, 1793.01, 14, 2886, 551, 1374.93, 91
15, 91, 6931.56, 15, 9280, 3663.5, 91, 1337.13, 15, 2646, 536, 1304.13, 91
16, 94, 7239.01, 16, 10105, 3826.5, 94, 1747.67, 16, 2160, 606.5, 1346.85, 94
17, 89, 6826.98, 17, 10798, 3156, 89, 1872.04, 17, 2483.5, 418.5, 1569.55, 89
18, 93, 6964.68, 18, 10798, 3073, 93, 1838.58, 18, 2771.5, 543, 1361.18, 93
19, 88, 6487.05, 19, 10874.5, 3256.5, 88, 1828.17, 19, 2625.5, 581, 1456.79, 88
20, 92, 6449.73, 20, 12787.5, 2972.5, 92, 1710.79, 20, 2059.5, 551.5, 1310.74, 92
21, 88, 6423.12, 21, 9373, 3792.5, 88, 1086.51, 21, 3854, 535.5, 1475.94, 88
22, 89, 7312.82, 22, 13461, 3092.5, 89, 2412.6, 22, 3198.5, 535.5, 1507.68, 89
23, 93, 7493.19, 23, 11410, 4552, 93, 1977.03, 23, 3136.5, 656, 1673.14, 93
24, 90, 6776.11, 24, 10062, 2880, 90, 1413.41, 24, 2801.5, 596, 1631.29, 90
25, 90, 7221.11, 25, 11534.5, 3464.5, 90, 1985.37, 25, 3686, 423.5, 1748.8, 90
0, 100, 4386.27, 0, 9439, 1129, 100, 2124.98, 0, 3898.5, 304, 907.96, 100
1, 89, 7204.43, 1, 14092.5, 3540.5, 89, 2049.08, 1, 4831, 443.5, 2016.94, 89
2, 93, 7638.31, 2, 14092.5, 2363, 93, 1984.57, 2, 4831, 431, 1842.66, 93
3, 94, 7703.6, 3, 11334.5, 3077, 94, 2109.95, 3, 4108, 461, 1923.87, 94
4, 92, 7351.47, 4, 11334.5, 1958, 92, 2315.04, 4, 3898.5, 538, 1907.11, 92
5, 92, 6833.63, 5, 10756, 2683.5, 92, 1564.98, 5, 2966, 580, 1441.05, 92
6, 90, 7759.59, 6, 10756, 3097.5, 90, 2004.39, 6, 3703.5, 501, 1803.86, 90
7, 89, 7803.46, 7, 10418.5, 4217, 89, 1436.62, 7, 3039, 673.5, 1699.37, 89
8, 87, 8423.22, 8, 12281.5, 2951.5, 87, 2055.84, 8, 3348.5, 597.5, 1845.7, 87
9, 91, 7483.12, 9, 12281.5, 3548, 91, 2103.48, 9, 3197.5, 528.5, 1726.22, 91
10, 85, 7941.18, 10, 11282, 3735.5, 85, 2229.22, 10, 3893, 563.5, 1883.69, 85
11, 88, 7271.88, 11, 11173, 2504, 88, 1988.27, 11, 2631.5, 477, 1522.56, 88
12, 91, 8145.13, 12, 12963.5, 3885, 91, 2164.96, 12, 3621, 358, 1831.18, 91
13, 92, 7832.32, 13, 12027.5, 3548.5, 92, 2210.96, 13, 3621, 648, 2015.23, 92
14, 85, 7945.62, 14, 12760.5, 3485.5, 85, 2340.53, 14, 3296, 626, 1773.68, 85
15, 90, 7458.62, 15, 11173, 2669, 90, 2241.33, 15, 3306, 651, 1761.19, 90
16, 85, 7678.06, 16, 11173, 2901.5, 85, 2344.4, 16, 2631.5, 649.5, 1773.99, 85
17, 89, 7237.44, 17, 11173, 3522.5, 89, 1598.28, 17, 3371, 383.5, 1899.58, 89
18, 88, 8311, 18, 12451, 3614, 88, 2217.28, 18, 3741.5, 635.5, 1966.59, 88
19, 89, 8737.25, 19, 12451, 4122, 89, 2182.07, 19, 3741.5, 636, 2222.97, 89
20, 87, 8451.48, 20, 12451, 3999, 87, 2470.46, 20, 3741.5, 850, 2169.46, 87
21, 92, 7228.81, 21, 12451, 3919, 92, 1841.43, 21, 3961, 558, 1875.02, 92
22, 92, 7334.88, 22, 12451, 2866, 92, 2088.96, 22, 4191, 416, 1797.24, 92
23, 96, 6891.87, 23, 11640.5, 2191, 96, 2302.32, 23, 3648.5, 291, 1675, 96
24, 91, 7196.12, 24, 11640.5, 3645.5, 91, 1987.64, 24, 3306, 526, 1641.36, 91
25, 86, 7247.09, 25, 11640.5, 4622, 86, 1854.46, 25, 3278.5, 638, 1836.61, 86
0, 100, 5335.9, 0, 15521, 1190.5, 100, 2451.42, 0, 4641, 256, 1402.39, 100
1, 89, 7473.8, 1, 12464.5, 3377.5, 89, 1925.86, 1, 3176, 609, 1918.07, 89
2, 89, 8139.13, 2, 13475.5, 2997, 89, 2743.21, 2, 3176, 736, 2001.29, 89
3, 90, 8350.57, 3, 14045.5, 3579, 90, 2904.89, 3, 3041.5, 351, 1919.32, 90
4, 90, 7682.81, 4, 12526.5, 3666, 90, 1889.76, 4, 3893.5, 666.5, 1948.05, 90
5, 85, 8231.98, 5, 11403, 4389.5, 85, 2141.82, 5, 3893.5, 904, 2170.03, 85
6, 92, 7740.1, 6, 11639.5, 2460, 92, 2239.83, 6, 4195.5, 448, 2001.59, 92
7, 91, 7916.07, 7, 11639.5, 3418, 91, 2165.02, 7, 4195.5, 656, 2006.74, 91
8, 87, 7451.33, 8, 11639.5, 4046.5, 87, 1724.02, 8, 3264, 514, 1865.17, 87
9, 90, 8000.98, 9, 14725, 4046.5, 90, 2408.01, 9, 3886, 513.5, 1776.62, 90
10, 92, 8191.28, 10, 13161, 3735, 92, 2215.15, 10, 3442.5, 867.5, 1920.58, 92
11, 86, 8147.1, 11, 13161, 3837, 86, 2535.15, 11, 3454.5, 666, 2143.87, 86
12, 91, 8646.55, 12, 13161, 2796.5, 91, 2597.24, 12, 4061.5, 481, 2052.01, 91
13, 88, 7725.24, 13, 13998, 2775, 88, 2485.81, 13, 4061.5, 446, 1970.83, 88
14, 94, 7923.12, 14, 13161, 3022, 94, 2522.82, 14, 4018.5, 592.5, 1955.99, 94
15, 89, 6864.69, 15, 9522, 3289.5, 89, 1235.53, 15, 2835.5, 453.5, 1528.44, 89
16, 88, 8208.59, 16, 11937.5, 3535, 88, 2078.38, 16, 3685.5, 604, 2078.95, 88
17, 91, 8430.53, 17, 13952.5, 3226.5, 91, 2570.85, 17, 3356.5, 613.5, 1999.13, 91
18, 88, 7554.98, 18, 10928.5, 3126.5, 88, 2045.56, 18, 4031, 571, 1589.71, 88
19, 87, 7960.61, 19, 13522, 2752, 87, 2198.29, 19, 5939, 487.5, 1753.78, 87
20, 89, 9167.81, 20, 13522, 4885.5, 89, 2500.39, 20, 3496, 631, 1960.48, 89
21, 88, 8968.11, 21, 13522, 3316, 88, 2629.71, 21, 3506, 573, 1904.05, 88
22, 95, 8303.91, 22, 11705, 4593, 95, 2052.49, 22, 4017, 662.5, 1940.05, 95
23, 92, 7898.55, 23, 13954, 3852, 92, 2489.46, 23, 2916, 487.5, 1676.62, 92
24, 91, 7467.57, 24, 11129, 2903, 91, 1812.39, 24, 3101.5, 733, 1779.13, 91
25, 90, 8022.68, 25, 11129, 4726, 90, 1607.89, 25, 3320, 547.5, 1988.32, 90
0, 100, 5161.95, 0, 12477.5, 1948, 100, 2492.64, 0, 3097.5, 304, 1269.69, 100
1, 95, 8607.85, 1, 12477.5, 5068.5, 95, 1771.61, 1, 3902.5, 606, 1925.62, 95
2, 91, 9123.64, 2, 12477.5, 5347, 91, 1687.92, 2, 2721, 512.5, 2053.65, 91
3, 94, 10116.1, 3, 12477.5, 6225, 94, 1875.02, 3, 4423.5, 1265, 2353.69, 94
4, 89, 10149.9, 4, 12477.5, 4519.5, 89, 1801.35, 4, 4423.5, 967.5, 2457.36, 89
5, 92, 10818.7, 5, 12477.5, 4408.5, 92, 1819.82, 5, 5725, 806, 2448.03, 92
6, 92, 9989.97, 6, 12477.5, 5184, 92, 1794.94, 6, 4011, 615.5, 2504.59, 92
7, 88, 9342.15, 7, 11041, 4265, 88, 1361.4, 7, 4011, 842.5, 2418.74, 88
8, 88, 9056.16, 8, 12283.5, 4900.5, 88, 1722.73, 8, 4011, 915.5, 2433.07, 88
9, 92, 8972.9, 9, 11115, 4953.5, 92, 1704.66, 9, 4011, 589, 2172.36, 92
10, 90, 9594.5, 10, 10963, 5002, 90, 1354.74, 10, 4011, 738, 2132.39, 90
11, 81, 10552.9, 11, 12376, 6270, 81, 1313.48, 11, 4366, 896, 2727.5, 81
12, 86, 10892.4, 12, 12376, 6647, 86, 1444.02, 12, 4366, 1345.5, 2952.24, 86
13, 91, 10155, 13, 12052, 4847.5, 91, 1878.31, 13, 4086, 678.5, 2399.66, 91
14, 93, 9094.06, 14, 13485, 5108, 93, 2170.99, 14, 3453.5, 855, 2054.22, 93
15, 93, 9729.05, 15, 13485, 5317.5, 93, 2398.47, 15, 3083.5, 726, 2122.45, 93
16, 88, 10575.3, 16, 13514.5, 4367.5, 88, 2887.95, 16, 3188.5, 881, 2328.2, 88
17, 94, 9928.07, 17, 13514.5, 5272.5, 94, 2539.69, 17, 3458.5, 1093.5, 2241.57, 94
18, 90, 9326.45, 18, 13514.5, 3928.5, 90, 2298.26, 18, 4737, 606.5, 2269.57, 90
19, 88, 9529.87, 19, 14510.5, 5514.5, 88, 2125.92, 19, 4737, 826, 2579.9, 88
20, 95, 10223, 20, 14510.5, 5719, 95, 2793.44, 20, 4737, 1019.5, 2301.87, 95
21, 91, 10234.6, 21, 14510.5, 4896, 91, 3118.71, 21, 3134.5, 814, 2043.98, 91
22, 95, 10473.5, 22, 16597, 4432, 95, 3500.59, 22, 3079, 896, 2054.36, 95
23, 90, 10708.3, 23, 14510.5, 4909, 90, 2465.72, 23, 2848, 736.5, 2166.01, 90
24, 88, 10788.3, 24, 14510.5, 5962, 88, 2289.49, 24, 3715, 936, 2160.34, 88
25, 92, 10125.3, 25, 14510.5, 3821, 92, 2892.07, 25, 3286.5, 806, 2200.7, 92
0, 100, 4809.68, 0, 9250, 2396.5, 100, 1774.71, 0, 2581, 508.5, 1175.45, 100
1, 89, 8219.3, 1, 12737.5, 4597, 89, 2302.06, 1, 3397.5, 650, 1937.8, 89
2, 86, 9451.18, 2, 12737.5, 5193.5, 86, 2335.59, 2, 3491.5, 922, 1935.65, 86
3, 91, 9976.75, 3, 12737.5, 5901, 91, 2227.83, 3, 3468.5, 824, 1860.28, 91
4, 88, 9656.18, 4, 12737.5, 4415, 88, 1998.4, 4, 4237.5, 824, 2108.15, 88
5, 88, 9809.86, 5, 12311.5, 5489.5, 88, 2294.26, 5, 3402.5, 824, 1669.86, 88
6, 88, 9387.63, 6, 12311.5, 4887.5, 88, 2046.5, 6, 3014, 779, 1735.83, 88
7, 92, 9690.56, 7, 13385.5, 5375, 92, 2271.93, 7, 3274.5, 681, 2056.95, 92
8, 91, 10027.5, 8, 12894.5, 4747.5, 91, 2356.61, 8, 3274.5, 960, 2166.68, 91
9, 96, 9062.92, 9, 12894.5, 4489.5, 96, 2004.41, 9, 3906, 871, 2024.82, 96
10, 90, 9416.71, 10, 11102.5, 5161.5, 90, 1270.79, 10, 4000, 690.5, 1885.91, 90
11, 93, 9398.72, 11, 12071.5, 4529, 93, 1804.71, 11, 2946, 851.5, 1948.42, 93
12, 91, 9452.32, 12, 14064.5, 4760.5, 91, 2371.79, 12, 4247.5, 826, 1905.13, 91
13, 85, 10082.5, 13, 14064.5, 4735.5, 85, 2504.16, 13, 3763.5, 826, 1904.21, 85
14, 88, 10683.3, 14, 14064.5, 4013.5, 88, 2720.49, 14, 3473, 680, 1955.38, 88
15, 88, 9711.73, 15, 14064.5, 5879.5, 88, 2021.05, 15, 4724, 1018, 2290.59, 88
16, 90, 8841.25, 16, 13158.5, 5034, 90, 1906.9, 16, 4724, 771.5, 2245.23, 90
17, 88, 8919.27, 17, 12512.5, 5574, 88, 1494.45, 17, 4435, 953.5, 2272.72, 88
18, 92, 9054.48, 18, 11938, 4864, 92, 1476.21, 18, 2846, 588.5, 2126.67, 92
19, 88, 9413.83, 19, 11938, 5093.5, 88, 1743.69, 19, 3835.5, 1002.5, 2365.2, 88
20, 95, 9386.98, 20, 11938, 4904.5, 95, 2061.85, 20, 3835.5, 667, 2289.49, 95
21, 85, 10059.8, 21, 11938, 5344.5, 85, 1910.38, 21, 3835.5, 792.5, 2255.35, 85
22, 95, 9724.78, 22, 11938, 3869.5, 95, 2134.48, 22, 6119, 649, 2552.98, 95
23, 89, 10696, 23, 13178.5, 5184.5, 89, 2188.95, 23, 4983.5, 1075, 2541.84, 89
24, 95, 10095.2, 24, 12829.5, 4945, 95, 1992.61, 24, 3390, 900, 2231.09, 95
25, 89, 9948.07, 25, 12829.5, 5781, 89, 2014.89, 25, 3362.5, 772, 2321.53, 89
0, 100, 5985.95, 0, 9254.5, 1807, 100, 2617.47, 0, 3435, 311.5, 1472.05, 100
1, 93, 7640.45, 1, 9590.5, 4086, 93, 1616.72, 1, 3286.5, 703.5, 1734.77, 93
2, 93, 8631.63, 2, 12477.5, 4641, 93, 2052.78, 2, 3123, 876, 1991.18, 93
3, 87, 10298.8, 3, 12767, 6136, 87, 1803.61, 3, 4161, 1067.5, 2680.11, 87
4, 90, 9934.89, 4, 12767, 4425, 90, 2215.92, 4, 4161, 654, 2732.21, 90
5, 92, 9104.62, 5, 12767, 4971, 92, 2039.34, 5, 4161, 630, 2329.16, 92
6, 92, 7840.43, 6, 12767, 4558.5, 92, 1751.6, 6, 4161, 632.5, 1862.61, 92
7, 90, 8677.67, 7, 12007.5, 5832, 90, 1678.93, 7, 4352.5, 632.5, 2338.65, 90
8, 89, 9118.3, 8, 12007.5, 6209.5, 89, 1734.18, 8, 3381, 698.5, 2008.16, 89
9, 87, 9727.65, 9, 12619, 5699, 87, 1545, 9, 4069, 753, 2398.72, 87
10, 94, 9165.67, 10, 12619, 4275.5, 94, 1555.66, 10, 4069, 914, 2273.34, 94
11, 86, 9184.07, 11, 12619, 5523, 86, 1620.13, 11, 4069, 881, 2368.69, 86
12, 90, 9026.75, 12, 12563.5, 5448.5, 90, 1659.28, 12, 4069, 1256.5, 2285.44, 90
13, 94, 9381.75, 13, 12563.5, 4781.5, 94, 2411.86, 13, 2981, 838.5, 2000.6, 94
14, 91, 9747.65, 14, 12563.5, 4593, 91, 2328.65, 14, 3445.5, 911.5, 2138.89, 91
15, 90, 9921.12, 15, 12563.5, 5150.5, 90, 2278.9, 15, 3188.5, 845, 2218.7, 90
16, 91, 9918.2, 16, 12563.5, 4963, 91, 2052.8, 16, 4001, 771.5, 2135.42, 91
17, 88, 9849.05, 17, 12563.5, 5574, 88, 1798.77, 17, 4181.5, 876.5, 2276.22, 88
18, 90, 10134.3, 18, 12563.5, 5303, 90, 2050.15, 18, 4181.5, 972.5, 2350.11, 90
19, 86, 9390.37, 19, 12046, 3662.5, 86, 1900.52, 19, 4181.5, 788.5, 2384.94, 86
20, 87, 10065.9, 20, 12411.5, 4865.5, 87, 1776.5, 20, 4181.5, 1117.5, 2987.18, 87
21, 88, 10613.6, 21, 12551.5, 5064.5, 88, 2168.86, 21, 4181.5, 635, 3073.93, 88
22, 84, 11477.6, 22, 12551.5, 6253.5, 84, 1833.44, 22, 4318.5, 938.5, 3508.87, 84
23, 91, 10349.9, 23, 12853, 4981.5, 91, 2667.13, 23, 4181.5, 751, 2689.99, 91
24, 89, 10253.8, 24, 12958.5, 4928.5, 89, 2418.46, 24, 4181.5, 693, 2580.28, 89
25, 92, 10256.7, 25, 13295, 5497.5, 92, 2347.84, 25, 4523, 859, 2232.88, 92
0, 100, 5466.81, 0, 8487, 2214.5, 100, 1834.21, 0, 2491, 424, 1590.21, 100
1, 89, 8026.15, 1, 11126.5, 3133, 89, 1558.76, 1, 3399, 723.5, 1891.11, 89
2, 91, 8983.28, 2, 13023.5, 5903.5, 91, 1429.29, 2, 3454, 753.5, 2115.26, 91
3, 87, 8876.3, 3, 10863.5, 5085, 87, 1408.87, 3, 2708.5, 718, 1937.58, 87
4, 94, 10279.6, 4, 13864, 5864.5, 94, 1744.66, 4, 3623, 1026.5, 2434.06, 94
5, 92, 9777.1, 5, 14870, 4895, 92, 2137.56, 5, 4146.5, 791, 2429.06, 92
6, 87, 10608.3, 6, 14870, 3872.5, 87, 1900.55, 6, 4146.5, 634, 2413.12, 87
7, 89, 10615, 7, 14870, 4334.5, 89, 2568.4, 7, 4146.5, 902.5, 2554.03, 89
8, 91, 9918.42, 8, 13121.5, 4620.5, 91, 2446.8, 8, 3421, 895, 2319.81, 91
9, 94, 10592.7, 9, 13121.5, 6392.5, 94, 1973.3, 9, 5186, 1177.5, 2313.36, 94
10, 83, 11074.3, 10, 13415.5, 6735.5, 83, 1883.11, 10, 5186, 1486.5, 2325.28, 83
11, 87, 11289, 11, 13415.5, 5353.5, 87, 2358.94, 11, 3108.5, 656.5, 2274.32, 87
12, 87, 11448.3, 12, 13121.5, 5353.5, 87, 2096.8, 12, 3616.5, 979, 2543.02, 87
13, 92, 9805.17, 13, 13121.5, 4700.5, 92, 2898.74, 13, 3026.5, 1008.5, 2161.25, 92
14, 90, 10582.3, 14, 13121.5, 4545.5, 90, 2407.06, 14, 2890, 984, 2365.38, 90
15, 86, 11323.1, 15, 13121.5, 6319, 86, 2141.28, 15, 3233.5, 902.5, 2461.7, 86
16, 91, 10414.4, 16, 13121.5, 4393, 91, 2915.94, 16, 2890, 906, 2262.28, 91
17, 91, 9398.83, 17, 13121.5, 5236.5, 91, 2680.76, 17, 3655.5, 904, 2305.5, 91
18, 90, 8296, 18, 10981.5, 4449, 90, 1705.07, 18, 3655.5, 910, 2074.34, 90
19, 92, 8541.09, 19, 10981.5, 4630, 92, 1457.12, 19, 3768, 831, 2301.09, 92
20, 93, 8731.8, 20, 10746, 5380, 93, 1393.78, 20, 3579, 873.5, 2120.09, 93
21, 92, 9201.38, 21, 10576.5, 6131, 92, 1020.63, 21, 3863.5, 911.5, 2354.57, 92
22, 94, 8768.38, 22, 10861.5, 4823.5, 94, 1671.78, 22, 4684, 783, 2252.01, 94
23, 92, 9139.52, 23, 14247.5, 4941.5, 92, 2145.65, 23, 3556, 986, 2034.07, 92
24, 91, 8655.62, 24, 10988, 4508, 91, 1634.6, 24, 3556, 802, 2001.31, 91
25, 90, 8833.63, 25, 10387, 4472.5, 90, 1351.14, 25, 4286.5, 1203.5, 2066.04, 90
0, 100, 4174.72, 0, 12603, 1105.5, 100, 2036.95, 0, 2885, 220, 1127.99, 100
1, 87, 8011.9, 1, 9507, 5276.5, 87, 1223.71, 1, 3904, 639, 1950.12, 87
2, 87, 8234.73, 2, 9913.5, 4352, 87, 1141.74, 2, 3239.5, 638.5, 2053.45, 87
3, 91, 9043.49, 3, 11478, 5285.5, 91, 1274.52, 3, 3239.5, 835.5, 2344.39, 91
4, 93, 8699.32, 4, 11478, 5141, 93, 1228.7, 4, 3500.5, 793, 2375.42, 93
5, 86, 9099.85, 5, 10670, 6845.5, 86, 967.33, 5, 3500.5, 1090.5, 2503.07, 86
6, 90, 8844.38, 6, 12158.5, 5980.5, 90, 1333.94, 6, 3982.5, 1151, 2012.78, 90
7, 87, 9429, 7, 10684.5, 5289, 87, 1314.17, 7, 3275.5, 836, 2212.51, 87
8, 89, 9736.79, 8, 12221.5, 6153, 89, 1342.94, 8, 3178.5, 1014, 2155.42, 89
9, 91, 9207.81, 9, 10766.5, 4359, 91, 1501.7, 9, 3550, 888, 2106.08, 91
10, 91, 9234.85, 10, 11348, 4658.5, 91, 1436.4, 10, 4848.5, 660, 2045.06, 91
11, 87, 9611.09, 11, 11348, 5188.5, 87, 1626.71, 11, 2803.5, 948.5, 2226.2, 87
12, 86, 9505.14, 12, 11348, 4348, 86, 1571.43, 12, 2968.5, 809, 2088.55, 86
13, 95, 9249.92, 13, 11348, 4161, 95, 1907.29, 13, 3244, 508.5, 2107.57, 95
14, 88, 9132.06, 14, 10514, 4684.5, 88, 1078.71, 14, 3403.5, 824, 2139.96, 88
15, 89, 9858.19, 15, 16424, 5707.5, 89, 2272.34, 15, 4126, 1001, 2114.05, 89
16, 91, 10271, 16, 16424, 4859.5, 91, 2961.1, 16, 4126, 776.5, 2294.92, 91
17, 85, 12681, 17, 16424, 5507.5, 85, 3258.39, 17, 4126, 739.5, 2924.32, 85
18, 93, 10325, 18, 16424, 4602, 93, 3422.65, 18, 4126, 958.5, 2474.36, 93
19, 84, 12685.2, 19, 16424, 6206, 84, 3343.62, 19, 4446.5, 1107.5, 3073.28, 84
20, 89, 12359.7, 20, 16424, 4886, 89, 3688.13, 20, 4126, 818, 2968.18, 89
21, 90, 10759.7, 21, 16424, 4817, 90, 3118.85, 21, 4126, 911.5, 2655.41, 90
22, 89, 10128.6, 22, 11994.5, 5825, 89, 1857.26, 22, 5025.5, 716.5, 2468.55, 89
23, 93, 9839.27, 23, 11994.5, 5820, 93, 2097.94, 23, 5025.5, 1031, 2428.22, 93
24, 91, 10681.8, 24, 14110, 5004, 91, 1976.45, 24, 5025.5, 726, 2243.24, 91
25, 87, 11612.4, 25, 14110, 5789.5, 87, 1754.28, 25, 5025.5, 1299.5, 2930.49, 87
0, 100, 5080.81, 0, 7620, 1839.5, 100, 1822, 0, 1397.5, 293.5, 900.865, 100
1, 90, 8217.68, 1, 10494, 3631, 90, 1683.69, 1, 3467.5, 344, 1721.06, 90
2, 87, 8261.46, 2, 11913, 5787, 87, 1504.65, 2, 2913, 1007.5, 1922.21, 87
3, 85, 9079.8, 3, 11913, 5840.5, 85, 1510.46, 3, 3099.5, 826, 2218.03, 85
4, 90, 9753, 4, 11913, 6222.5, 90, 1517.12, 4, 5211.5, 847, 2493.99, 90
5, 92, 9726.36, 5, 11913, 5620, 92, 1701.11, 5, 3758.5, 816, 2390.26, 92
6, 88, 10037.3, 6, 11913, 4739, 88, 1791.25, 6, 3176, 803, 2375.96, 88
7, 93, 9151.12, 7, 11913, 5236, 93, 1861.3, 7, 3116.5, 808.5, 2156.81, 93
8, 90, 9259.59, 8, 11913, 4805, 90, 1635.52, 8, 3116.5, 765, 2268.84, 90
9, 89, 10011, 9, 11913, 5690.5, 89, 1514.93, 9, 3116.5, 714, 2306.88, 89
10, 87, 10507.4, 10, 12440, 5256.5, 87, 1329.65, 10, 3418.5, 716, 2402.1, 87
11, 85, 10921.1, 11, 12440, 5873.5, 85, 1474.93, 11, 4259, 984, 2579.32, 85
12, 93, 9977.74, 12, 12329.5, 5291.5, 93, 1701.78, 12, 3733.5, 789, 2095.7, 93
13, 89, 10313.5, 13, 12885.5, 5136, 89, 1842.09, 13, 3615.5, 566.5, 2154.93, 89
14, 92, 10374.5, 14, 12329.5, 6156.5, 92, 1639.43, 14, 3886, 726.5, 2044.71, 92
15, 89, 10380.9, 15, 13423, 4698, 89, 2122.48, 15, 3259, 560.5, 1827.93, 89
16, 92, 10381.8, 16, 13423, 4824, 92, 2193.29, 16, 3067, 851, 1900.75, 92
17, 86, 10322.9, 17, 13423, 4711, 86, 1942.97, 17, 3331, 941.5, 1919.96, 86
18, 89, 10514.4, 18, 12714, 4362.5, 89, 1968.45, 18, 3786, 771.5, 2382.84, 89
19, 92, 10416.1, 19, 11832, 3559.5, 92, 1331.12, 19, 3066, 831, 2024.02, 92
20, 94, 10273.9, 20, 13534, 5589, 94, 1730.41, 20, 3729, 831, 2147.24, 94
21, 92, 9331.65, 21, 13534, 4070, 92, 2487.84, 21, 3086, 648, 2051.28, 92
22, 91, 9599.43, 22, 12830.5, 4693, 91, 1886.01, 22, 4168, 736, 2320.19, 91
23, 90, 9945.1, 23, 13260.5, 5623.5, 90, 1846.4, 23, 4168, 981, 2386.49, 90
24, 85, 10220.6, 24, 13260.5, 5751.5, 85, 1799.46, 24, 4168, 1152, 2121.77, 85
25, 90, 10378.9, 25, 14870, 5752.5, 90, 2637.21, 25, 4241, 881, 2174.95, 90
0, 100, 3850.26, 0, 9931.5, 1264, 100, 1910.72, 0, 2590.5, 176, 1008.13, 100
1, 90, 7139.98, 1, 9970.5, 4194, 90, 1616.17, 1, 3565.5, 644, 1827.18, 90
2, 85, 9060.11, 2, 11819, 4270.5, 85, 1452.3, 2, 3565.5, 925.5, 2014.3, 85
3, 90, 8943.87, 3, 12422, 5590, 90, 1900.38, 3, 3565.5, 1081.5, 2075.47, 90
4, 93, 9667.34, 4, 12682, 5488.5, 93, 2097.4, 4, 3337.5, 691, 2150.3, 93
5, 91, 9657.31, 5, 12682, 5469, 91, 2619.67, 5, 3337.5, 715, 2118.07, 91
6, 89, 10433.3, 6, 12640.5, 5343.5, 89, 2430.21, 6, 4416.5, 718.5, 2223.09, 89
7, 89, 11012.1, 7, 13888.5, 6106, 89, 2344, 7, 3985, 593, 2246.82, 89
8, 88, 11061.6, 8, 13888.5, 2965.5, 88, 2506.54, 8, 3210, 668.5, 2226.61, 88
9, 93, 10820.5, 9, 14167.5, 4378, 93, 2972.62, 9, 4493.5, 541.5, 2289.65, 93
10, 93, 10772.7, 10, 14167.5, 4292.5, 93, 2680.27, 10, 4224.5, 884.5, 2446.25, 93
11, 87, 11676.7, 11, 14167.5, 6382, 87, 2077.11, 11, 4428.5, 1113.5, 2735.77, 87
12, 89, 10793.8, 12, 14167.5, 4600, 89, 2781.51, 12, 4224.5, 746, 2345.45, 89
13, 92, 9811.7, 13, 13888.5, 5698.5, 92, 2338.97, 13, 3828.5, 1003.5, 2253.48, 92
14, 94, 8367.78, 14, 13888.5, 4588.5, 94, 1628.75, 14, 2550, 837.5, 1725.53, 94
15, 87, 9651.15, 15, 13888.5, 5475.5, 87, 2340.3, 15, 2760, 906, 2021.56, 87
16, 83, 9951.55, 16, 13888.5, 4603, 83, 1984.43, 16, 3291.5, 703.5, 2181.86, 83
17, 92, 9415.94, 17, 13888.5, 4557, 92, 2178.93, 17, 3531, 862.5, 2144.68, 92
18, 93, 10328.1, 18, 13888.5, 4632.5, 93, 2731.05, 18, 2863, 798.5, 2064.33, 93
19, 94, 8782.69, 19, 13888.5, 4429, 94, 2443.5, 19, 2863, 853, 1745.94, 94
20, 87, 9838.94, 20, 13888.5, 5654.5, 87, 2675.41, 20, 3256, 583.5, 1997.21, 87
21, 91, 10240.2, 21, 13888.5, 4744, 91, 2903.04, 21, 3776.5, 953.5, 2181.12, 91
22, 96, 10272, 22, 13888.5, 4046.5, 96, 2570.92, 22, 4528.5, 763.5, 2359.14, 96
23, 92, 9559.5, 23, 12343.5, 4741.5, 92, 2032.31, 23, 4528.5, 993.5, 2364.06, 92
24, 89, 10123, 24, 12343.5, 4289.5, 89, 1924.35, 24, 4528.5, 809, 2688.86, 89
25, 93, 8918.5, 25, 11118, 4573.5, 93, 1879.66, 25, 3656, 802.5, 2356.72, 93
0, 100, 5577.52, 0, 11400.5, 712, 100, 2211.6, 0, 3994, 186, 1381.77, 100
1, 83, 9187.81, 1, 11677.5, 4794, 83, 1645.72, 1, 2853.5, 804, 2010.76, 83
2, 88, 9417.68, 2, 11825, 6488.5, 88, 1420.46, 2, 4316.5, 781.5, 2178.39, 88
3, 84, 10129.2, 3, 11825, 5834.5, 84, 1826.24, 3, 4316.5, 489, 2178.11, 84
4, 89, 10700.4, 4, 12348, 5941.5, 89, 1637.69, 4, 3189.5, 788.5, 2094.59, 89
5, 94, 9205.49, 5, 11677.5, 4286.5, 94, 1906.35, 5, 2787, 566.5, 1899.56, 94
6, 90, 10374.9, 6, 13236, 4799, 90, 1832.41, 6, 4976, 1111, 2114.85, 90
7, 88, 10902.8, 7, 13236, 5137.5, 88, 2105.46, 7, 4183.5, 809, 2237.76, 88
8, 90, 11104.3, 8, 14206, 6106, 90, 2229.01, 8, 6717.5, 1145, 2718.07, 90
9, 92, 11747.1, 9, 16845.5, 6309, 92, 2862.87, 9, 6717.5, 1084, 2546.4, 92
10, 89, 11724.4, 10, 16845.5, 5551, 89, 3001.62, 10, 6717.5, 744, 3097.39, 89
11, 81, 12807.7, 11, 16845.5, 6788, 81, 3186.99, 11, 6717.5, 1188, 3118.8, 81
12, 88, 13186.5, 12, 16845.5, 5221, 88, 3708.81, 12, 6717.5, 892.5, 2672.16, 88
13, 93, 11480.6, 13, 16845.5, 5547.5, 93, 3893.81, 13, 4626, 1012, 2213.71, 93
14, 93, 11532.5, 14, 16845.5, 5139, 93, 3679.15, 14, 3172, 660, 2292.01, 93
15, 92, 10100.3, 15, 16845.5, 3760, 92, 2863.09, 15, 3130, 697.5, 2262.91, 92
16, 91, 10101.4, 16, 16845.5, 5672, 91, 3131.67, 16, 4601, 637.5, 2415.29, 91
17, 91, 8729, 17, 10239, 6442, 91, 1183, 17, 4601, 884, 2162.26, 91
18, 89, 9436.5, 18, 13478.5, 5364.5, 89, 1672.39, 18, 5498.5, 1175.5, 2249.51, 89
19, 93, 8947.01, 19, 10699.5, 4590.5, 93, 1575.09, 19, 5498.5, 545.5, 2271.95, 93
20, 91, 9060.9, 20, 10699.5, 5706, 91, 1307.47, 20, 3760, 1066, 2190.2, 91
21, 88, 9645.2, 21, 13326.5, 5500, 88, 1647.62, 21, 4458, 779, 2056.84, 88
22, 87, 10189.4, 22, 13326.5, 4625.5, 87, 1683.69, 22, 3614, 870.5, 2006.06, 87
23, 92, 10367.3, 23, 13347.5, 4887, 92, 2220.76, 23, 3614, 997.5, 2238.15, 92
24, 92, 10594.6, 24, 13326.5, 6006, 92, 1828.54, 24, 4501.5, 926.5, 2568.84, 92
25, 83, 11689.8, 25, 13326.5, 5947.5, 83, 1702.42, 25, 4144, 738, 2955.88, 83
0, 100, 4102.47, 0, 10045.5, 1796.5, 100, 2485.31, 0, 3518.5, 264.5, 832.55, 100
1, 87, 9390, 1, 12715.5, 6725, 87, 1879.43, 1, 2995.5, 671.5, 1762.23, 87
2, 86, 9605.47, 2, 14042.5, 5225.5, 86, 2104.1, 2, 5035, 738.5, 2424.97, 86
3, 89, 11064.4, 3, 15482.5, 6045.5, 89, 2310.91, 3, 3124, 928, 2475.47, 89
4, 93, 10849.7, 4, 15482.5, 5618.5, 93, 2653.58, 4, 6972, 614, 2671.48, 93
5, 89, 10663.2, 5, 15482.5, 5787.5, 89, 2535.63, 5, 6972, 406.5, 2509.24, 89
6, 93, 10726.6, 6, 15482.5, 5573, 93, 2562.73, 6, 6972, 1020, 2881.76, 93
7, 92, 11746.3, 7, 15855, 5491.5, 92, 3011.36, 7, 6972, 656, 3653.57, 92
8, 88, 12577.5, 8, 15855, 7770.5, 88, 2542.82, 8, 6972, 1145, 3237.32, 88
9, 89, 12487.7, 9, 15855, 5937.5, 89, 2675.84, 9, 6972, 658.5, 3391.35, 89
10, 91, 12597.7, 10, 15855, 5904.5, 91, 3031.78, 10, 6972, 928, 3384.14, 91
11, 89, 11716.5, 11, 15855, 3938.5, 89, 3328.6, 11, 6972, 556, 2784.57, 89
12, 97, 11954.3, 12, 15855, 5428, 97, 2655.77, 12, 3221, 1370, 2548.04, 97
13, 92, 11399.2, 13, 15855, 4040, 92, 3136.28, 13, 3221, 978.5, 2188.24, 92
14, 93, 10118, 14, 15464.5, 6686, 93, 1909.19, 14, 3689, 1023, 1994.19, 93
15, 91, 11926.5, 15, 15917, 6871.5, 91, 2491.14, 15, 4912, 1140.5, 2708.95, 91
16, 90, 12214.5, 16, 15917, 4243, 90, 3285.87, 16, 4912, 894.5, 2921.7, 90
17, 91, 12427.1, 17, 15917, 5996, 91, 3229.43, 17, 4912, 1016, 3140.97, 91
18, 96, 11578.7, 18, 15917, 5496, 96, 3199.92, 18, 4912, 886.5, 2753.36, 96
19, 87, 12335.1, 19, 15917, 6358.5, 87, 2420.73, 19, 4912, 1204, 2934.11, 87
20, 92, 12225, 20, 15917, 6534, 92, 2749.81, 20, 6485, 1733.5, 3349.25, 92
21, 91, 12709, 21, 15917, 6634.5, 91, 2803.45, 21, 8432, 976, 3817.07, 91
22, 90, 13294.6, 22, 15917, 7138.5, 90, 2893.81, 22, 9269.5, 1304.5, 4199.38, 90
23, 84, 13121.6, 23, 15917, 6362, 84, 1932.96, 23, 9269.5, 1688.5, 4634.43, 84
24, 92, 11138.8, 24, 15917, 5992, 92, 2293.14, 24, 4912, 537.5, 2896.05, 92
25, 86, 12318.2, 25, 15917, 6224.5, 86, 2600.8, 25, 4912, 874, 3073.93, 86
0, 100, 4827.95, 0, 15590, 1847, 100, 3352.54, 0, 3297, 261, 974.775, 100
1, 88, 10369.9, 1, 13421, 6668, 88, 1942.42, 1, 3933.5, 853.5, 2538.01, 88
2, 91, 10100.4, 2, 12160, 6449.5, 91, 1476.21, 2, 3699, 996.5, 2295.21, 91
3, 89, 10932.9, 3, 13839.5, 6696, 89, 1636.2, 3, 3699, 1034, 2575.69, 89
4, 87, 11853.9, 4, 13839.5, 6330.5, 87, 1766.24, 4, 3759.5, 697.5, 2893.03, 87
5, 89, 12856.2, 5, 17305.5, 5264, 89, 2200.87, 5, 3999, 1178, 2715.94, 89
6, 90, 12636.7, 6, 14787, 8148.5, 90, 1613.52, 6, 4591.5, 902, 2325.49, 90
7, 89, 12501.2, 7, 14787, 6867.5, 89, 2120.72, 7, 7856.5, 1018.5, 2198.64, 89
8, 94, 11543.5, 8, 14787, 6923.5, 94, 2319.34, 8, 3284.5, 880, 2164.95, 94
9, 89, 11631.1, 9, 14787, 6989, 89, 1862.54, 9, 4373, 1114, 2474.31, 89
10, 87, 11558.9, 10, 14015, 7330.5, 87, 1639.87, 10, 3846.5, 1175.5, 2152.51, 87
11, 85, 12595.9, 11, 14114, 7155.5, 85, 1774.68, 11, 4810, 1181.5, 2415.72, 85
12, 90, 11719.5, 12, 14114, 6103.5, 90, 2361.3, 12, 6581.5, 923.5, 2407.33, 90
13, 87, 11953, 13, 14114, 7249, 87, 2039.21, 13, 3906, 1252, 2247.35, 87
14, 90, 11292.9, 14, 14114, 5806.5, 90, 2555.07, 14, 3556.5, 738.5, 2092.34, 90
15, 88, 11801.4, 15, 14114, 6450, 88, 2347.98, 15, 5025, 746.5, 2460.19, 88
16, 90, 10831, 16, 14114, 4974, 90, 2305.81, 16, 5025, 876.5, 2241.88, 90
17, 84, 12246, 17, 16534.5, 7556.5, 84, 2339.07, 17, 4181.5, 968.5, 2253.99, 84
18, 91, 11732.3, 18, 13850, 5204.5, 91, 1679.35, 18, 5288, 968.5, 2472.82, 91
19, 91, 11235.9, 19, 13850, 4865.5, 91, 2539.4, 19, 6971, 669, 2347.16, 91
20, 88, 11401, 20, 13795, 5918.5, 88, 2056.97, 20, 3773, 906.5, 2624.49, 88
21, 91, 11595, 21, 14921.5, 5857, 91, 2170.96, 21, 5085.5, 711.5, 3052.76, 91
22, 88, 11467.1, 22, 14921.5, 6928, 88, 2375.02, 22, 3970.5, 841.5, 2321.59, 88
23, 92, 10956, 23, 14090.5, 6568, 92, 1846.6, 23, 3157, 686, 2374.67, 92
24, 90, 11408.4, 24, 14090.5, 6100, 90, 2159.49, 24, 5316.5, 985, 2477.5, 90
25, 92, 11018.7, 25, 14090.5, 7189.5, 92, 1991.32, 25, 5383.5, 798.5, 2710.95, 92
0, 100, 6832.02, 0, 11508, 2499, 100, 2458.55, 0, 3328, 444, 1609.48, 100
1, 92, 11061.7, 1, 14691, 6523, 92, 2441.44, 1, 4542, 632, 2611.14, 92
2, 97, 11516.9, 2, 14691, 6234, 97, 2316.05, 2, 4542, 883, 2539.82, 97
3, 89, 12141.4, 3, 14691, 7797.5, 89, 2078.04, 3, 4542, 1157, 2840.18, 89
4, 89, 11877, 4, 14395.5, 6795, 89, 2623.93, 4, 4281.5, 1022.5, 2704.74, 89
5, 90, 12434.6, 5, 14077.5, 6835, 90, 1864.45, 5, 5291, 1160, 2698.95, 90
6, 84, 12998.5, 6, 14178.5, 6810.5, 84, 1764.47, 6, 5291, 1287.5, 2989.76, 84
7, 86, 12784.6, 7, 14178.5, 7543.5, 86, 1537.06, 7, 4991.5, 1348.5, 2789.24, 86
8, 89, 13070.1, 8, 15706.5, 5277, 89, 1976.18, 8, 5464.5, 1097.5, 3196.89, 89
9, 90, 12412.4, 9, 15706.5, 6657, 90, 2255.91, 9, 5464.5, 1366.5, 2997.98, 90
10, 91, 12889.4, 10, 15706.5, 7707.5, 91, 1876.08, 10, 5464.5, 1030, 2915.12, 91
11, 92, 11755.9, 11, 14426.5, 7173.5, 92, 1794.09, 11, 6066.5, 632, 2580.43, 92
12, 90, 11181.4, 12, 14178.5, 7315.5, 90, 1663.07, 12, 4277, 1120, 2782.43, 90
13, 86, 12033.3, 13, 14178.5, 6814.5, 86, 1949.2, 13, 4827, 1183.5, 2898.7, 86
14, 89, 11733.7, 14, 14178.5, 6479.5, 89, 2011.1, 14, 5342.5, 1349, 2896.31, 89
15, 87, 12678.3, 15, 16320.5, 5779, 87, 2129.01, 15, 3674, 851, 2891.36, 87
16, 93, 11115.3, 16, 15065, 7281, 93, 1981.97, 16, 4876, 1174.5, 3020.91, 93
17, 88, 12000.6, 17, 15909.5, 8047, 88, 1670.27, 17, 5082.5, 1115, 3039.38, 88
18, 96, 10921.8, 18, 15624, 5909, 96, 2036.52, 18, 5127.5, 1067.5, 2948.07, 96
19, 86, 11577.9, 19, 15624, 7481, 86, 1987.54, 19, 5127.5, 1093, 3135.43, 86
20, 94, 11946.6, 20, 15624, 6757, 94, 2686.92, 20, 5127.5, 1014, 3416.47, 94
21, 89, 11846.6, 21, 15624, 7442, 89, 2129.99, 21, 5399, 1262, 3142.19, 89
22, 93, 11942.4, 22, 15624, 6252.5, 93, 2157.24, 22, 5127.5, 1174, 3282.64, 93
23, 89, 12314.7, 23, 15624, 6664, 89, 1801.98, 23, 5226, 1025, 3835.74, 89